0.102	0.92957
0.104	0.92015
0.106	0.92114
0.108	0.93227
0.11	0.9512
0.112	0.97259
0.114	0.99074
0.116	0.99963
0.118	0.99632
0.12	0.98233
0.122	0.96181
0.124	0.94154
0.126	0.92686
0.128	0.92115
0.13	0.92601
0.132	0.94011
0.134	0.96002
0.136	0.9805
0.138	0.9954
0.14	0.99986
0.142	0.99259
0.144	0.97606
0.146	0.95561
0.148	0.93757
0.15	0.92635
0.152	0.9246
0.154	0.93289
0.156	0.94903
0.158	0.96917
0.16	0.98763
0.162	0.99861
0.164	0.99855
0.166	0.98785
0.168	0.9699
0.17	0.95061
0.172	0.93537
0.174	0.92789
0.176	0.92998
0.178	0.94122
0.18	0.9586
0.182	0.9779
0.184	0.99324
0.186	0.9999
0.188	0.99593
0.19	0.98274
0.192	0.9648
0.194	0.94756
0.196	0.93586
0.198	0.93228
0.2	0.93788
0.202	0.95113
0.204	0.9688
0.206	0.98573
0.208	0.99737
0.21	0.99965
0.212	0.99232
0.214	0.9779
0.216	0.96136
0.218	0.94712
0.22	0.93922
0.222	0.93953
0.224	0.94784
0.226	0.96194
0.228	0.97818
0.23	0.99208
0.232	0.99947
0.234	0.99822
0.236	0.98892
0.238	0.97514
0.24	0.96117
0.242	0.95079
0.244	0.94693
0.246	0.95008
0.248	0.95982
0.25	0.97334
0.252	0.98684
0.254	0.99672
0.256	1
0.258	0.99622
0.26	0.98676
0.262	0.975
0.264	0.96462
0.266	0.95833
0.268	0.9576
0.27	0.96272
0.272	0.97201
0.274	0.98286
0.276	0.99278
0.278	0.99869
0.28	0.9998
0.282	0.99595
0.284	0.98941
0.286	0.98207
0.288	0.9765
0.29	0.97412
0.292	0.97525
0.294	0.97944
0.296	0.98542
0.298	0.99163
0.3	0.99659
0.302	0.99933
0.304	1
0.306	0.99882
0.308	0.99687
0.31	0.99486
0.312	0.99349
0.314	0.99291
0.316	0.99278
0.318	0.99314
0.32	0.99357
0.322	0.99359
0.324	0.99299
0.326	0.99194
0.328	0.99035
0.33	0.98845
0.332	0.98736
0.334	0.98788
0.336	0.99134
0.338	0.99692
0.34	0.99988
0.342	0.98709
0.344	0.93636
0.346	0.82885
0.348	0.67148
0.35	0.50152
0.352	0.35611
0.354	0.2487
0.356	0.17533
0.358	0.12674
0.36	0.094594
0.362	0.073168
0.364	0.05877
0.366	0.048966
0.368	0.042398
0.37	0.038098
0.372	0.035527
0.374	0.034422
0.376	0.034712
0.378	0.036468
0.38	0.039976
0.382	0.045906
0.384	0.055407
0.386	0.070713
0.388	0.096132
0.39	0.14031
0.392	0.22146
0.394	0.37597
0.396	0.64752
0.398	0.944
0.3983	0.97015
0.3987	0.9926
0.3991	1.0001
0.3995	0.99349
0.3999	0.97537
0.4	0.96926
0.4003	0.94795
0.4007	0.91446
0.4011	0.87712
0.4015	0.83854
0.4019	0.80019
0.402	0.79088
0.404	0.63562
0.406	0.55032
0.408	0.52158
0.41	0.53887
0.412	0.59901
0.414	0.70194
0.416	0.83575
0.418	0.95712
0.42	0.99943
0.422	0.9436
0.424	0.84059
0.426	0.7459
0.428	0.68413
0.43	0.65957
0.432	0.67124
0.434	0.71776
0.436	0.79481
0.438	0.88915
0.44	0.9703
0.442	0.99994
0.444	0.96423
0.446	0.88816
0.448	0.80898
0.45	0.75037
0.452	0.72127
0.454	0.72344
0.456	0.75623
0.458	0.81607
0.46	0.89228
0.462	0.963
0.464	0.99888
0.466	0.98293
0.468	0.92613
0.47	0.85644
0.472	0.79795
0.474	0.76325
0.476	0.75638
0.478	0.77805
0.48	0.82528
0.482	0.89011
0.484	0.95512
0.486	0.99548
0.488	0.9925
0.49	0.94871
0.492	0.88571
0.494	0.82686
0.496	0.78736
0.498	0.7731
0.5	0.786
0.502	0.82404
0.504	0.88107
0.506	0.94346
0.508	0.98924
0.51	0.99822
0.512	0.96649
0.514	0.91028
0.516	0.85192
0.518	0.80838
0.52	0.788
0.522	0.79344
0.524	0.82403
0.526	0.87469
0.528	0.934
0.53	0.98256
0.532	0.99994
0.534	0.97802
0.536	0.92797
0.538	0.87087
0.54	0.82467
0.542	0.79956
0.544	0.79941
0.546	0.82389
0.548	0.86931
0.55	0.92591
0.552	0.97622
0.554	0.9997
0.556	0.98549
0.558	0.94099
0.56	0.88554
0.562	0.83807
0.564	0.80955
0.566	0.80542
0.568	0.82567
0.57	0.86754
0.572	0.92176
0.574	0.97215
0.576	0.9988
0.578	0.98926
0.58	0.94842
0.582	0.89478
0.584	0.84686
0.586	0.81705
0.588	0.81093
0.59	0.8293
0.592	0.86916
0.594	0.92176
0.596	0.97156
0.598	0.9986
0.6	0.99028
0.602	0.95122
0.604	0.89889
0.606	0.85218
0.608	0.82337
0.61	0.81808
0.612	0.83721
0.614	0.87725
0.616	0.92911
0.618	0.97627
0.62	0.99944
0.622	0.98774
0.624	0.94712
0.626	0.89616
0.628	0.8529
0.63	0.82859
0.632	0.82826
0.634	0.85175
0.636	0.8946
0.638	0.9454
0.64	0.98638
0.642	0.99972
0.644	0.97943
0.646	0.93615
0.648	0.88898
0.65	0.85428
0.652	0.84065
0.654	0.85099
0.656	0.88311
0.658	0.92866
0.66	0.97297
0.662	0.99819
0.664	0.99312
0.666	0.96223
0.668	0.92159
0.67	0.88811
0.672	0.87253
0.674	0.87826
0.676	0.90328
0.678	0.93973
0.68	0.97505
0.682	0.99658
0.684	0.99857
0.686	0.98572
0.688	0.96808
0.69	0.95372
0.692	0.94456
0.694	0.93548
0.696	0.91479
0.698	0.85985
0.7	0.73583
0.702	0.53257
0.704	0.31811
0.706	0.16817
0.708	0.086614
0.71	0.046117
0.712	0.026069
0.714	0.015841
0.716	0.010385
0.718	0.0073873
0.72	0.0057478
0.7202	0.0056362
0.7204	0.0055324
0.7206	0.005436
0.7208	0.005348
0.721	0.0052661
0.7212	0.0051921
0.7214	0.0051251
0.7216	0.0050647
0.7218	0.005011
0.722	0.0049636
0.722	0.0049636
0.7222	0.0049238
0.7224	0.0048907
0.7226	0.0048648
0.7228	0.0048455
0.723	0.0048332
0.7232	0.0048269
0.7234	0.00483
0.7236	0.0048389
0.7238	0.0048574
0.724	0.004883
0.724	0.004883
0.7242	0.0049171
0.7244	0.0049618
0.7246	0.0050152
0.7248	0.0050789
0.725	0.005154
0.7252	0.0052418
0.7254	0.0053416
0.7256	0.0054571
0.7258	0.005588
0.726	0.0057371
0.726	0.0057371
0.7262	0.0059059
0.7264	0.0060953
0.7266	0.0063112
0.7268	0.0065543
0.727	0.006829
0.7272	0.0071394
0.7274	0.007492
0.7276	0.0078931
0.7278	0.0083512
0.728	0.0088741
0.728	0.0088741
0.7282	0.0094763
0.7284	0.01018
0.7286	0.010974
0.7288	0.011931
0.729	0.013044
0.7292	0.014355
0.7294	0.015937
0.7296	0.01785
0.7298	0.020196
0.73	0.023073
0.73	0.023073
0.7302	0.026729
0.7304	0.031381
0.7306	0.037429
0.7308	0.045498
0.731	0.056571
0.7312	0.072216
0.7314	0.095121
0.7316	0.13022
0.7318	0.18675
0.732	0.28248
0.732	0.28248
0.7322	0.4494
0.7324	0.71662
0.7325	0.83735
0.7326	0.93933
0.7326	0.97453
0.7326	0.99523
0.7327	0.98755
0.7328	0.92154
0.7328	0.92154
0.733	0.65282
0.7332	0.43123
0.7334	0.29501
0.7336	0.21352
0.7338	0.16305
0.734	0.13036
0.734	0.13036
0.7342	0.10847
0.7344	0.093347
0.7346	0.08281
0.7348	0.075511
0.735	0.070655
0.7352	0.06772
0.7354	0.066471
0.7356	0.06682
0.7358	0.068811
0.736	0.072795
0.736	0.072795
0.7362	0.079116
0.7364	0.088744
0.7366	0.10307
0.7368	0.12471
0.737	0.15814
0.7372	0.21236
0.7374	0.30484
0.7376	0.4684
0.7378	0.73664
0.7379	0.85835
0.738	0.95686
0.738	0.99969
0.738	0.98693
0.738	0.98694
0.7381	0.96889
0.7382	0.87632
0.7382	0.87632
0.7384	0.57164
0.7386	0.35572
0.7388	0.23455
0.739	0.16645
0.7392	0.1263
0.7394	0.10157
0.7396	0.085987
0.7398	0.076222
0.74	0.070543
0.74	0.070543
0.7402	0.068097
0.7404	0.068567
0.7406	0.072124
0.7408	0.079451
0.741	0.09232
0.7412	0.11384
0.7414	0.15102
0.7416	0.21889
0.7418	0.35293
0.742	0.62214
0.742	0.62221
0.7421	0.77334
0.7422	0.99674
0.7422	0.96892
0.7422	0.91717
0.7423	0.96623
0.7424	0.84318
0.7424	0.84307
0.7426	0.48265
0.7428	0.27679
0.743	0.17672
0.7432	0.12497
0.7434	0.096217
0.7436	0.07953
0.7438	0.069872
0.744	0.064929
0.744	0.064929
0.7442	0.063611
0.7444	0.065575
0.7446	0.071381
0.7448	0.082359
0.745	0.10138
0.7452	0.13491
0.7454	0.19724
0.7456	0.3235
0.7458	0.58958
0.7459	0.74691
0.746	0.96183
0.746	0.96181
0.746	0.90326
0.746	0.99495
0.7461	0.96668
0.7462	0.8369
0.7462	0.8369
0.7464	0.46622
0.7466	0.26412
0.7468	0.16835
0.747	0.11934
0.7472	0.092297
0.7474	0.07659
0.7476	0.067571
0.7478	0.062898
0.748	0.061599
0.748	0.061599
0.7482	0.063371
0.7484	0.068556
0.7486	0.078168
0.7488	0.09454
0.749	0.12239
0.7492	0.17188
0.7494	0.26648
0.7496	0.46011
0.7498	0.81071
0.75	0.98434
0.75	0.98428
0.7502	0.58077
0.7502	0.65187
0.7504	0.36655
0.7506	0.22333
0.7507	0.18889
0.7508	0.15139
0.751	0.11219
0.7511	0.097216
0.7512	0.089496
0.7514	0.075828
0.7516	0.069019
0.7516	0.067743
0.7518	0.063427
0.752	0.062064
0.752	0.062064
0.752	0.062064
0.7522	0.063358
0.7524	0.067538
0.7526	0.075241
0.7528	0.087993
0.753	0.10868
0.7532	0.143
0.7534	0.20307
0.7536	0.31493
0.7538	0.53103
0.754	0.86944
0.754	0.86966
0.7541	0.97369
0.7542	0.92653
0.7542	0.99651
0.7542	0.97182
0.7543	0.79814
0.7544	0.65731
0.7544	0.65731
0.7546	0.38796
0.7548	0.24365
0.755	0.16745
0.7552	0.12464
0.7554	0.099066
0.7556	0.083186
0.7558	0.073278
0.756	0.067307
0.756	0.067307
0.7562	0.064262
0.7564	0.063703
0.7566	0.065456
0.7568	0.069773
0.757	0.0773
0.7572	0.089247
0.7574	0.1079
0.7576	0.13759
0.7578	0.18666
0.758	0.2721
0.758	0.2721
0.7582	0.42803
0.7584	0.6979
0.7585	0.82809
0.7586	0.9976
0.7586	0.9401
0.7586	0.97785
0.7587	0.9768
0.7588	0.88743
0.7588	0.88743
0.759	0.57845
0.7592	0.36003
0.7594	0.2387
0.7596	0.17067
0.7598	0.13041
0.76	0.10546
0.76	0.10546
0.7602	0.089457
0.7604	0.079144
0.7606	0.072638
0.7608	0.069011
0.761	0.067706
0.7612	0.068549
0.7614	0.071622
0.7616	0.0773
0.7618	0.0863
0.762	0.10004
0.762	0.10004
0.7622	0.1208
0.7624	0.15294
0.7626	0.20429
0.7628	0.29055
0.763	0.44
0.7632	0.68536
0.7634	0.95493
0.7634	0.98453
0.7635	0.99637
0.7635	0.99888
0.7636	0.94353
0.7636	0.97728
0.7636	0.94353
0.7638	0.67006
0.764	0.43192
0.764	0.43202
0.7642	0.2879
0.7644	0.2043
0.7646	0.15409
0.7648	0.12256
0.765	0.10207
0.7652	0.088397
0.7654	0.079388
0.7656	0.073613
0.7658	0.070356
0.766	0.069263
0.766	0.069263
0.7662	0.070098
0.7664	0.07305
0.7666	0.078445
0.7668	0.086884
0.767	0.09956
0.7672	0.11841
0.7674	0.14702
0.7676	0.19158
0.7678	0.26374
0.768	0.38494
0.768	0.38494
0.7682	0.58572
0.7684	0.85747
0.7686	0.99919
0.7688	0.82478
0.769	0.56161
0.7692	0.37555
0.7694	0.26321
0.7696	0.1955
0.7698	0.15318
0.77	0.12571
0.77	0.12571
0.7702	0.10741
0.7704	0.095204
0.7706	0.087062
0.7708	0.082035
0.771	0.079438
0.7712	0.079014
0.7714	0.080699
0.7716	0.084587
0.7718	0.091147
0.772	0.10105
0.772	0.10105
0.7722	0.11562
0.7724	0.13688
0.7726	0.1685
0.7728	0.21678
0.773	0.29301
0.7732	0.41666
0.7734	0.61281
0.7736	0.86592
0.7738	0.99973
0.774	0.84432
0.774	0.84414
0.7742	0.58584
0.7744	0.3924
0.7746	0.27221
0.7748	0.19887
0.775	0.15281
0.7752	0.12277
0.7754	0.10272
0.7756	0.089097
0.7758	0.079962
0.776	0.074037
0.776	0.074037
0.7762	0.070638
0.7764	0.069552
0.7766	0.070593
0.7768	0.074054
0.777	0.080373
0.7772	0.090693
0.7774	0.10663
0.7776	0.13166
0.7778	0.17176
0.778	0.23882
0.778	0.23882
0.7782	0.35581
0.7784	0.55976
0.7786	0.85013
0.7788	0.99795
0.779	0.80276
0.7792	0.53949
0.7794	0.36425
0.7796	0.26161
0.7798	0.20085
0.78	0.16345
0.78	0.16345
0.7802	0.13989
0.7804	0.1249
0.7806	0.11579
0.7808	0.11091
0.781	0.10946
0.7812	0.11102
0.7814	0.11561
0.7816	0.12354
0.7818	0.1354
0.782	0.1525
0.782	0.1525
0.7822	0.17685
0.7824	0.21203
0.7826	0.26395
0.7828	0.3439
0.783	0.47087
0.7832	0.67075
0.7834	0.92079
0.7834	0.95953
0.7835	0.98715
0.7835	0.99958
0.7836	0.96981
0.7836	0.99424
0.7836	0.96988
0.7838	0.64874
0.784	0.32825
0.784	0.32825
0.7842	0.15354
0.7844	0.069025
0.7846	0.028249
0.7848	0.0089815
0.785	0.0012131
0.7852	0.00027549
0.7854	0.0039091
0.7856	0.010984
0.7858	0.020873
0.786	0.033128
0.786	0.033128
0.7862	0.047079
0.7864	0.061485
0.7866	0.07374
0.7868	0.07866
0.787	0.057829
0.787	0.065687
0.7871	0.035305
0.7871	0.047675
0.7872	0.021436
0.7872	0.021436
0.7872	0.0081324
0.7873	0.00020449
0.7873	0.007567
0.7874	0.047783
0.7874	0.14416
0.7874	0.047783
0.7875	0.52072
0.7875	0.30984
0.7876	0.71896
0.7876	0.86068
0.7876	0.71887
0.7877	0.98166
0.7877	0.94244
0.7878	0.99994
0.7878	0.99675
0.7878	0.99687
0.7879	0.99442
0.7879	0.9981
0.788	0.99079
0.788	0.99079
0.788	0.99079
0.7882	0.98486
0.7884	0.98953
0.7886	0.99613
0.7888	0.99985
0.789	0.99838
0.7892	0.99168
0.7894	0.98035
0.7896	0.96543
0.7898	0.94756
0.79	0.9236
0.79	0.9236
0.7902	0.97481
0.7904	0.91366
0.7906	0.89478
0.7908	0.87979
0.791	0.86718
0.7912	0.85641
0.7914	0.84743
0.7916	0.84022
0.7918	0.83453
0.792	0.83045
0.792	0.83035
0.7922	0.82755
0.7924	0.8261
0.7926	0.826
0.7928	0.82672
0.793	0.82855
0.7932	0.83144
0.7934	0.83506
0.7936	0.83945
0.7938	0.84436
0.794	0.84999
0.794	0.84999
0.7942	0.85588
0.7944	0.86241
0.7946	0.86918
0.7948	0.87613
0.795	0.88329
0.7952	0.89053
0.7954	0.8979
0.7956	0.90505
0.7958	0.91239
0.796	0.91935
0.796	0.91932
0.7962	0.92624
0.7964	0.93291
0.7966	0.93944
0.7968	0.94554
0.797	0.95131
0.7972	0.95679
0.7974	0.96206
0.7976	0.96682
0.7978	0.9712
0.798	0.97528
0.798	0.97528
0.7982	0.97891
0.7984	0.98222
0.7986	0.98532
0.7988	0.98802
0.799	0.99037
0.7992	0.99239
0.7994	0.99402
0.7996	0.99552
0.7998	0.99682
0.8	0.9977
0.8	0.9977
0.802	0.99934
0.804	0.99539
0.806	0.99236
0.808	0.99035
0.81	0.98828
0.812	0.9846
0.814	0.97895
0.816	0.97277
0.818	0.96979
0.82	0.97427
0.8202	0.97516
0.8204	0.97627
0.8206	0.97745
0.8208	0.97864
0.821	0.97999
0.8212	0.98143
0.8214	0.98269
0.8216	0.98423
0.8218	0.98583
0.822	0.98734
0.822	0.98734
0.8222	0.98896
0.8224	0.9904
0.8226	0.99199
0.8228	0.99353
0.823	0.9948
0.8232	0.99612
0.8234	0.99739
0.8236	0.99827
0.8238	0.99914
0.824	0.99963
0.824	0.99963
0.8242	0.9999
0.8244	0.99999
0.8246	0.99961
0.8248	0.99887
0.825	0.99781
0.8252	0.9961
0.8254	0.994
0.8256	0.99133
0.8258	0.9881
0.826	0.98434
0.826	0.98434
0.8262	0.9798
0.8264	0.97461
0.8266	0.96872
0.8268	0.9621
0.827	0.95487
0.8272	0.94686
0.8274	0.93795
0.8276	0.92845
0.8278	0.91838
0.828	0.90739
0.828	0.90739
0.8282	0.89584
0.8284	0.88355
0.8286	0.87073
0.8288	0.85742
0.829	0.84351
0.8292	0.82925
0.8294	0.81447
0.8296	0.79955
0.8298	0.78432
0.83	0.76882
0.83	0.76882
0.8302	0.7533
0.8304	0.73777
0.8306	0.72216
0.8308	0.70669
0.831	0.69131
0.8312	0.67617
0.8314	0.66135
0.8316	0.64688
0.8318	0.63264
0.832	0.61883
0.832	0.61883
0.8322	0.60562
0.8324	0.59289
0.8326	0.58069
0.8328	0.56906
0.833	0.55806
0.8332	0.54773
0.8334	0.53818
0.8336	0.52934
0.8338	0.52141
0.834	0.51414
0.834	0.51414
0.8342	0.5079
0.8344	0.50262
0.8346	0.49847
0.8348	0.49533
0.835	0.49359
0.8352	0.493
0.8354	0.49405
0.8356	0.49682
0.8358	0.50149
0.836	0.50826
0.836	0.50826
0.8362	0.51771
0.8364	0.53007
0.8366	0.54589
0.8368	0.56603
0.837	0.59111
0.8372	0.6222
0.8374	0.66053
0.8376	0.70714
0.8378	0.76293
0.838	0.82748
0.838	0.82748
0.8382	0.89688
0.8384	0.96095
0.8386	0.99835
0.8388	0.97925
0.839	0.88287
0.8392	0.72171
0.8394	0.53986
0.8396	0.37878
0.8398	0.25582
0.84	0.16943
0.84	0.16943
0.8402	0.11122
0.8404	0.072652
0.8406	0.047285
0.8408	0.030585
0.841	0.019602
0.8412	0.012391
0.8414	0.0076794
0.8416	0.0046299
0.8418	0.0026879
0.842	0.0014802
0.842	0.0014802
0.8422	0.00075584
0.8424	0.00034464
0.8426	0.00013048
0.8428	3.43E-05
0.843	2.88E-06
0.8432	1.37E-06
0.8434	8.11E-06
0.8436	1.15E-05
0.8438	8.17E-06
0.844	1.55E-06
0.844	1.55E-06
0.8442	2.09E-06
0.8444	2.74E-05
0.8446	0.00010387
0.8448	0.00026846
0.845	0.00057205
0.8452	0.0010848
0.8454	0.0019041
0.8456	0.0031643
0.8458	0.0050553
0.846	0.0078428
0.846	0.0078428
0.8462	0.011904
0.8464	0.01782
0.8466	0.026414
0.8468	0.038906
0.847	0.057147
0.8472	0.084046
0.8474	0.12392
0.8476	0.1831
0.8478	0.27042
0.848	0.39559
0.848	0.39559
0.8482	0.56213
0.8484	0.75266
0.8486	0.91654
0.8488	0.99612
0.849	0.97802
0.8492	0.89733
0.8494	0.79637
0.8496	0.69976
0.8498	0.6168
0.85	0.5485
0.85	0.5485
0.8502	0.49319
0.8504	0.44852
0.8506	0.41224
0.8508	0.38276
0.851	0.35864
0.8512	0.33876
0.8514	0.32216
0.8516	0.3085
0.8518	0.29709
0.852	0.2876
0.852	0.2876
0.8522	0.27978
0.8524	0.27326
0.8526	0.26801
0.8528	0.26384
0.853	0.26058
0.8532	0.25808
0.8534	0.2564
0.8536	0.25534
0.8538	0.25496
0.854	0.25518
0.854	0.25528
0.8542	0.25598
0.8544	0.2573
0.8546	0.25922
0.8548	0.26156
0.855	0.26434
0.8552	0.26772
0.8554	0.27159
0.8556	0.27587
0.8558	0.28075
0.856	0.28603
0.856	0.28603
0.8562	0.29187
0.8564	0.29831
0.8566	0.3052
0.8568	0.31271
0.857	0.3208
0.8572	0.32942
0.8574	0.33878
0.8576	0.34867
0.8578	0.35933
0.858	0.37065
0.858	0.37065
0.8582	0.38279
0.8584	0.39565
0.8586	0.40924
0.8588	0.42376
0.859	0.43904
0.8592	0.45522
0.8594	0.47227
0.8596	0.49023
0.8598	0.50909
0.86	0.52884
0.86	0.52884
0.8602	0.54959
0.8604	0.57107
0.8606	0.59358
0.8608	0.61673
0.861	0.64073
0.8612	0.66519
0.8614	0.69033
0.8616	0.71575
0.8618	0.74153
0.862	0.76723
0.862	0.76723
0.8622	0.79287
0.8624	0.8181
0.8626	0.84273
0.8628	0.8662
0.863	0.88882
0.8632	0.90974
0.8634	0.92897
0.8636	0.94644
0.8638	0.96149
0.864	0.97422
0.864	0.97422
0.8642	0.98448
0.8644	0.99226
0.8646	0.99727
0.8648	0.99981
0.865	0.99957
0.8652	0.99693
0.8654	0.99205
0.8656	0.98511
0.8658	0.97611
0.866	0.96552
0.866	0.96552
0.8662	0.95336
0.8664	0.94001
0.8666	0.92569
0.8668	0.91051
0.867	0.89477
0.8672	0.87862
0.8674	0.86238
0.8676	0.84602
0.8678	0.82975
0.868	0.81359
0.868	0.81359
0.8682	0.79788
0.8684	0.78235
0.8686	0.7674
0.8688	0.75306
0.869	0.73905
0.8692	0.7258
0.8694	0.71308
0.8696	0.7011
0.8698	0.68956
0.87	0.67882
0.87	0.67882
0.8702	0.66877
0.8704	0.6593
0.8706	0.65032
0.8708	0.64224
0.871	0.63467
0.8712	0.62771
0.8714	0.62128
0.8716	0.6157
0.8718	0.61046
0.872	0.60593
0.872	0.60593
0.8722	0.602
0.8724	0.59864
0.8726	0.59582
0.8728	0.59351
0.873	0.5918
0.8732	0.59063
0.8734	0.58997
0.8736	0.58975
0.8738	0.59017
0.874	0.59116
0.874	0.59116
0.8742	0.59245
0.8744	0.59448
0.8746	0.59693
0.8748	0.59983
0.875	0.60337
0.8752	0.60737
0.8754	0.61185
0.8756	0.61683
0.8758	0.62235
0.876	0.62832
0.876	0.62832
0.8762	0.6348
0.8764	0.64195
0.8766	0.64936
0.8768	0.65733
0.877	0.66592
0.8772	0.67497
0.8774	0.68444
0.8776	0.69428
0.8778	0.70461
0.878	0.71548
0.878	0.71548
0.8782	0.72665
0.8784	0.73838
0.8786	0.75031
0.8788	0.76262
0.879	0.77527
0.8792	0.78816
0.8794	0.80112
0.8796	0.8144
0.8798	0.82782
0.88	0.84127
0.88	0.84127
0.8802	0.85459
0.8804	0.86789
0.8806	0.88096
0.8808	0.89377
0.881	0.90626
0.8812	0.91837
0.8814	0.92987
0.8816	0.94084
0.8818	0.95101
0.882	0.96046
0.882	0.96046
0.8822	0.969
0.8824	0.9767
0.8826	0.98334
0.8828	0.98888
0.883	0.99348
0.8832	0.9968
0.8834	0.99885
0.8836	0.99984
0.8838	0.99975
0.884	0.99842
0.884	0.99842
0.8842	0.99598
0.8844	0.99231
0.8846	0.98782
0.8848	0.98231
0.885	0.97586
0.8852	0.96851
0.8854	0.96056
0.8856	0.95176
0.8858	0.9425
0.886	0.93279
0.886	0.93279
0.8862	0.9226
0.8864	0.91217
0.8866	0.90137
0.8868	0.89042
0.887	0.87944
0.8872	0.8684
0.8874	0.85739
0.8876	0.84658
0.8878	0.8359
0.888	0.82528
0.888	0.82528
0.8882	0.81508
0.8884	0.80511
0.8886	0.7954
0.8888	0.78607
0.889	0.77717
0.8892	0.76864
0.8894	0.76074
0.8896	0.75306
0.8898	0.74606
0.89	0.73932
0.89	0.73932
0.8902	0.73333
0.8904	0.72771
0.8906	0.72293
0.8908	0.71844
0.891	0.71481
0.8912	0.71188
0.8914	0.70965
0.8916	0.70849
0.8918	0.7083
0.892	0.70968
0.892	0.70968
0.8922	0.71332
0.8924	0.72057
0.8926	0.73528
0.8928	0.77124
0.893	0.93765
0.8932	0.45661
0.8934	0.59824
0.8936	0.63255
0.8938	0.64908
0.894	0.6598
0.894	0.6598
0.8942	0.66797
0.8944	0.6752
0.8946	0.68188
0.8948	0.68849
0.895	0.69508
0.8952	0.7019
0.8954	0.70895
0.8956	0.7164
0.8958	0.72404
0.896	0.73232
0.896	0.73232
0.8962	0.74068
0.8964	0.74948
0.8966	0.75856
0.8968	0.76793
0.897	0.77715
0.8972	0.78471
0.8974	0.8259
0.8976	0.81593
0.8978	0.82574
0.898	0.83664
0.898	0.83664
0.8982	0.84815
0.8984	0.86011
0.8986	0.87202
0.8988	0.88422
0.899	0.89614
0.8992	0.90813
0.8994	0.91985
0.8996	0.9313
0.8998	0.94231
0.9	0.95293
0.9	0.95293
0.9002	0.96282
0.9004	0.9718
0.9006	0.97997
0.9008	0.98699
0.901	0.99272
0.9012	0.99692
0.9014	0.99944
0.9016	0.99999
0.9018	0.99805
0.902	0.99332
0.902	0.99332
0.9022	0.98494
0.9024	0.9723
0.9026	0.9532
0.9028	0.92527
0.903	0.88368
0.9032	0.81776
0.9034	0.70609
0.9036	0.50187
0.9038	0.15739
0.904	0.048989
0.904	0.04896
0.9042	0.53877
0.9044	0.84817
0.9046	0.95783
0.9048	0.99281
0.905	0.99999
0.9052	0.99564
0.9054	0.98598
0.9056	0.97371
0.9058	0.96024
0.906	0.94623
0.906	0.94623
0.9062	0.93169
0.9064	0.91756
0.9066	0.90325
0.9068	0.88958
0.907	0.87599
0.9072	0.86307
0.9074	0.85076
0.9076	0.83894
0.9078	0.82772
0.908	0.81747
0.908	0.81747
0.9082	0.80778
0.9084	0.79907
0.9086	0.79123
0.9088	0.78454
0.909	0.77881
0.9092	0.77441
0.9094	0.77163
0.9096	0.77034
0.9098	0.77123
0.91	0.77473
0.91	0.77473
0.9102	0.78159
0.9104	0.79308
0.9106	0.81108
0.9108	0.83882
0.911	0.88223
0.9112	0.94811
0.9114	0.99722
0.9116	0.45536
0.9118	0.01896
0.912	0.20933
0.912	0.20943
0.9122	0.3329
0.9124	0.40389
0.9126	0.44869
0.9128	0.47964
0.913	0.50257
0.9132	0.52082
0.9134	0.53603
0.9136	0.54931
0.9138	0.56137
0.914	0.57258
0.914	0.57258
0.9142	0.58352
0.9144	0.59423
0.9146	0.60478
0.9148	0.61564
0.915	0.62662
0.9152	0.63788
0.9154	0.64963
0.9156	0.66184
0.9158	0.67446
0.916	0.68755
0.916	0.68755
0.9162	0.70122
0.9164	0.71534
0.9166	0.73015
0.9168	0.74541
0.917	0.76117
0.9172	0.77723
0.9174	0.79389
0.9176	0.81099
0.9178	0.82815
0.918	0.84564
0.918	0.84564
0.9182	0.8631
0.9184	0.88035
0.9186	0.89759
0.9188	0.91411
0.919	0.92994
0.9192	0.94495
0.9194	0.95871
0.9196	0.97085
0.9198	0.9814
0.92	0.98964
0.92	0.98982
0.9202	0.99583
0.9204	0.99913
0.9206	0.99968
0.9208	0.99717
0.921	0.99133
0.9212	0.98237
0.9214	0.96991
0.9216	0.95426
0.9218	0.93537
0.922	0.91352
0.922	0.91352
0.9222	0.88897
0.9224	0.8618
0.9226	0.83251
0.9228	0.80151
0.923	0.76889
0.9232	0.73527
0.9234	0.70074
0.9236	0.66566
0.9238	0.63049
0.924	0.59532
0.924	0.59532
0.9242	0.56036
0.9244	0.52578
0.9246	0.49177
0.9248	0.45852
0.925	0.42593
0.9252	0.39426
0.9254	0.36333
0.9256	0.33338
0.9258	0.30426
0.926	0.27599
0.926	0.27599
0.9262	0.24875
0.9264	0.22235
0.9266	0.19689
0.9268	0.17241
0.927	0.14884
0.9272	0.12643
0.9274	0.10508
0.9276	0.085087
0.9278	0.066506
0.928	0.049592
0.928	0.049592
0.9282	0.03462
0.9284	0.021887
0.9286	0.01173
0.9288	0.0045193
0.929	0.00061199
0.9292	0.00035911
0.9294	0.0040422
0.9296	0.011839
0.9298	0.02379
0.93	0.039729
0.93	0.039702
0.9302	0.059287
0.9304	0.081959
0.9306	0.10705
0.9308	0.13357
0.931	0.16074
0.9312	0.18758
0.9314	0.21321
0.9316	0.23694
0.9318	0.25822
0.932	0.27649
0.932	0.27649
0.9322	0.29143
0.9324	0.30304
0.9326	0.31122
0.9328	0.316
0.933	0.31746
0.9332	0.31603
0.9334	0.31179
0.9336	0.30504
0.9338	0.29625
0.934	0.28556
0.934	0.28556
0.9342	0.27348
0.9344	0.26029
0.9346	0.24633
0.9348	0.23185
0.935	0.21707
0.9352	0.20226
0.9354	0.18774
0.9356	0.17357
0.9358	0.15994
0.936	0.14681
0.936	0.14688
0.9362	0.13443
0.9364	0.12284
0.9366	0.11194
0.9368	0.10175
0.937	0.092433
0.9372	0.083779
0.9374	0.075793
0.9376	0.068524
0.9378	0.061875
0.938	0.05581
0.938	0.05581
0.9382	0.050295
0.9384	0.045261
0.9386	0.040716
0.9388	0.036613
0.939	0.032882
0.9392	0.029496
0.9394	0.026463
0.9396	0.0237
0.9398	0.021224
0.94	0.01897
0.94	0.01897
0.942	0.0056967
0.944	0.0011704
0.946	1.85E-05
0.948	0.00039987
0.95	0.0017973
0.952	0.0043348
0.954	0.0087101
0.956	0.016564
0.958	0.031673
0.96	0.062926
0.9602	0.067635
0.9604	0.072667
0.9606	0.078176
0.9608	0.084109
0.961	0.09053
0.9612	0.097574
0.9614	0.10515
0.9616	0.1134
0.9618	0.12234
0.962	0.13199
0.962	0.13199
0.9622	0.14252
0.9624	0.15398
0.9626	0.16626
0.9628	0.1796
0.963	0.19398
0.9632	0.20945
0.9634	0.22611
0.9636	0.24382
0.9638	0.26282
0.964	0.28299
0.964	0.28299
0.9642	0.30424
0.9644	0.32659
0.9646	0.34975
0.9648	0.37363
0.965	0.39788
0.9652	0.42214
0.9654	0.44598
0.9656	0.46858
0.9658	0.48932
0.966	0.50716
0.966	0.50716
0.9662	0.52055
0.9664	0.52761
0.9666	0.52552
0.9668	0.51042
0.967	0.47605
0.9672	0.41317
0.9674	0.31093
0.9676	0.16764
0.9678	0.030556
0.968	0.015414
0.968	0.015442
0.9682	0.15962
0.9684	0.3469
0.9686	0.49222
0.9688	0.58706
0.969	0.64571
0.9692	0.68109
0.9694	0.70191
0.9696	0.71329
0.9698	0.71848
0.97	0.71946
0.97	0.71932
0.9702	0.71751
0.9704	0.71343
0.9706	0.70801
0.9708	0.7017
0.971	0.69472
0.9712	0.68717
0.9714	0.67945
0.9716	0.67162
0.9718	0.66366
0.972	0.65564
0.972	0.65564
0.9722	0.64758
0.9724	0.63958
0.9726	0.63163
0.9728	0.62359
0.973	0.61535
0.9732	0.60701
0.9734	0.59853
0.9736	0.58959
0.9738	0.58023
0.974	0.57034
0.974	0.57034
0.9742	0.5597
0.9744	0.54796
0.9746	0.53512
0.9748	0.5209
0.975	0.50477
0.9752	0.48649
0.9754	0.46561
0.9756	0.44149
0.9758	0.41342
0.976	0.38096
0.976	0.38087
0.9762	0.34314
0.9764	0.29951
0.9766	0.24989
0.9768	0.19464
0.977	0.13601
0.9772	0.078583
0.9774	0.030403
0.9776	0.0026668
0.9778	0.0069632
0.978	0.049668
0.978	0.049696
0.9782	0.12739
0.9784	0.22718
0.9786	0.3334
0.9788	0.43318
0.979	0.51992
0.9792	0.59154
0.9794	0.64864
0.9796	0.69368
0.9798	0.72844
0.98	0.75527
0.98	0.75518
0.9802	0.77547
0.9804	0.79077
0.9806	0.80212
0.9808	0.81006
0.981	0.81545
0.9812	0.8187
0.9814	0.81997
0.9816	0.81967
0.9818	0.8181
0.982	0.8154
0.982	0.8154
0.9822	0.81151
0.9824	0.80661
0.9826	0.80099
0.9828	0.79443
0.983	0.78712
0.9832	0.77921
0.9834	0.77039
0.9836	0.76103
0.9838	0.751
0.984	0.74034
0.984	0.74035
0.9842	0.72896
0.9844	0.71707
0.9846	0.70424
0.9848	0.69072
0.985	0.67627
0.9852	0.66099
0.9854	0.64484
0.9856	0.62741
0.9858	0.60874
0.986	0.58868
0.986	0.58868
0.9862	0.56688
0.9864	0.54335
0.9866	0.51757
0.9868	0.4892
0.987	0.45789
0.9872	0.42322
0.9874	0.38461
0.9876	0.34175
0.9878	0.29411
0.988	0.24184
0.988	0.24184
0.9882	0.18552
0.9884	0.12726
0.9886	0.071375
0.9888	0.025429
0.989	0.0010934
0.9892	0.012093
0.9894	0.069057
0.9896	0.17192
0.9898	0.30642
0.99	0.44994
0.99	0.44981
0.9902	0.58263
0.9904	0.69333
0.9906	0.77979
0.9908	0.84423
0.991	0.89094
0.9912	0.9244
0.9914	0.94788
0.9916	0.96436
0.9918	0.97586
0.992	0.98386
0.992	0.98386
0.9922	0.98927
0.9924	0.993
0.9926	0.99537
0.9928	0.9971
0.993	0.99818
0.9932	0.99874
0.9934	0.9992
0.9936	0.99942
0.9938	0.99958
0.994	0.99965
0.994	0.99965
0.9942	0.99974
0.9944	0.99966
0.9946	0.99947
0.9948	0.99942
0.995	0.99922
0.9952	0.99896
0.9954	0.99839
0.9956	0.9978
0.9958	0.99702
0.996	0.99612
0.996	0.99612
0.9962	0.99498
0.9964	0.99324
0.9966	0.99142
0.9968	0.98915
0.997	0.98652
0.9972	0.98332
0.9974	0.9797
0.9976	0.97528
0.9978	0.97021
0.998	0.96444
0.998	0.96429
0.9982	0.95757
0.9984	0.94964
0.9986	0.94046
0.9988	0.92976
0.999	0.91733
0.9992	0.90269
0.9994	0.88503
0.9996	0.86351
0.9998	0.83634
1	0.79327
